12 34 6 7 89 101 1 121 314 1516 171 819 202 1 2223 2425 2 62728 29 30123 45 6789 1011 213 14 15161 18 192 0212 22 3242 526 27 28 29 30 14
313 23 334353 637383 940 414 2434 44 546 47 4849 505 1 52 53 54 5 55 1234 5678 91011 121 3 14151 61 7 18 19 2021 22 232 425 262 728 29 30
657 85 960 616 26 3646 56667 68 6970 7172 7 374 757 677 7 87 98 0811 234 567 891 011 12 1314 151 617 181 92 021 22 2324 252 62 7 282 30 4
8283 8485 868 788 899 09 1929 3 949 596 97 98 99 10 01 0110 210 310 4828 384 85 86 878 88 9091 92 9394 959 69 798 99 1001 0 1102 103 10 4
828 3848 586 878 88 9 9091 929 3949 59 69 79 9 91 00 1 011 02 103 10 48 28 38 48 586 8788 899 091 9 293 94 959 697 9 8991 0010 1102 103 1
828 3848 5868 788 8 99 091 929 394 959 697 98 99 100 1 0110 210 3104 12 34 6 7 89 101 1 121 314 1516 171 819 202 1 2223 2425 2 62728 29 3
45 6789 1011 213 14 15161 18 192 0212 22 3242 526 27 28 29 30 313 23 334353 637383 940 414 2434 44 546 47 4849 505 1 52 53 54 5 55 1234 5
657 85 960 616 26 3646 56667 68 6970 7172 7 374 757 677 7 87 98 0811 234 567 891 011 12 1314 151 617 181 92 021 22 2324 252 62 7 282 30 3
8283 8485 868 788 899 09 1929 3 949 596 97 98 99 10 01 0110 210 310 4828 384 85 86 878 88 9091 92 9394 959 69 798 99 1001 0 1102 103 10 4
828 3848 586 878 88 9 9091 929 3949 59 69 79 9 91 00 1 011 02 103 10 48 28 38 48 586 8788 899 091 9 293 94 959 697 9 8991 0010 1102 103 1
828 3848 5868 788 8 99 091 929 394 959 697 98 99 100 1 0110 210 3104 91011 121 3 14151 61 7 18 19 2021 22 232 425 262 728 29 30 91011 130
12 34 6 7 89 101 1 121 314 1516 171 819 202 1 2223 2425 2 62728 29 30123 45 6789 1011 213 14 15161 18 192 0212 22 3242 526 27 28 29 30 14
313 23 334353 637383 940 414 2434 44 546 47 4849 505 1 52 53 54 5 55 1234 5678 91011 121 3 14151 61 7 18 19 2021 22 232 425 262 728 29 30
657 85 960 616 26 3646 56667 68 6970 7172 7 374 757 677 7 87 98 0811 234 567 891 011 12 1314 151 617 181 92 021 22 2324 252 62 7 282 30 4
8283 8485 868 788 899 09 1929 3 949 596 97 98 99 10 01 0110 210 310 4828 384 85 86 878 88 9091 92 9394 959 69 798 99 1001 0 1102 103 10 4
828 3848 586 878 88 9 9091 929 3949 59 69 79 9 91 00 1 011 02 103 10 48 28 38 48 586 8788 899 091 9 293 94 959 697 9 8991 0010 1102 103 1
828 3848 5868 788 8 99 091 929 394 959 697 98 99 100 1 0110 210 3104 12 34 6 7 89 101 1 121 314 1516 171 819 202 1 2223 2425 2 62728 29 3
45 6789 1011 213 14 15161 18 192 0212 22 3242 526 27 28 29 30 313 23 334353 637383 940 414 2434 44 546 47 4849 505 1 52 53 54 5 55 1234 5
657 85 960 616 26 3646 56667 68 6970 7172 7 374 757 677 7 87 98 0811 234 567 891 011 12 1314 151 617 181 92 021 22 2324 252 62 7 282 30 3
8283 8485 868 788 899 09 1929 3 949 596 97 98 99 10 01 0110 210 310 4828 384 85 86 878 88 9091 92 9394 959 69 798 99 1001 0 1102 103 10 4
828 3848 586 878 88 9 9091 929 3949 59 69 79 9 91 00 1 011 02 103 10 48 28 38 48 586 8788 899 091 9 293 94 959 697 9 8991 0010 1102 103 1
828 3848 5868 788 8 99 091 929 394 959 697 98 99 100 1 0110 210 3104 91011 121 3 14151 61 7 18 19 2021 22 232 425 262 728 29 30 91011 130
12 34 6 7 89 101 1 121 314 1516 171 819 202 1 2223 2425 2 62728 29 30123 45 6789 1011 213 14 15161 18 192 0212 22 3242 526 27 28 29 30 14
313 23 334353 637383 940 414 2434 44 546 47 4849 505 1 52 53 54 5 55 1234 5678 91011 121 3 14151 61 7 18 19 2021 22 232 425 262 728 29 30
657 85 960 616 26 3646 56667 68 6970 7172 7 374 757 677 7 87 98 0811 234 567 891 011 12 1314 151 617 181 92 021 22 2324 252 62 7 282 30 4
8283 8485 868 788 899 09 1929 3 949 596 97 98 99 10 01 0110 210 310 4828 384 85 86 878 88 9091 92 9394 959 69 798 99 1001 0 1102 103 10 4
828 3848 586 878 88 9 9091 929 3949 59 69 79 9 91 00 1 011 02 103 10 48 28 38 48 586 8788 899 091 9 293 94 959 697 9 8991 0010 1102 103 1
828 3848 5868 788 8 99 091 929 394 959 697 98 99 100 1 0110 210 3104 12 34 6 7 89 101 1 121 314 1516 171 819 202 1 2223 2425 2 62728 29 3
45 6789 1011 213 14 15161 18 192 0212 22 3242 526 27 28 29 30 313 23 334353 637383 940 414 2434 44 546 47 4849 505 1 52 53 54 5 55 1234 5
657 85 960 616 26 3646 56667 68 6970 7172 7 374 757 677 7 87 98 0811 234 567 891 011 12 1314 151 617 181 92 021 22 2324 252 62 7 282 30 3
8283 8485 868 788 899 09 1929 3 949 596 97 98 99 10 01 0110 210 310 4828 384 85 86 878 88 9091 92 9394 959 69 798 99 1001 0 1102 103 10 4
828 3848 586 878 88 9 9091 929 3949 59 69 79 9 91 00 1 011 02 103 10 48 28 38 48 586 8788 899 091 9 293 94 959 697 9 8991 0010 1102 103 1
828 3848 5868 788 8 99 091 929 394 959 697 98 99 100 1 0110 210 3104 91011 121 3 14151 61 7 18 19 2021 22 232 425 262 728 29 30 91011 130
12 34 6 7 89 101 1 121 314 1516 171 819 202 1 2223 2425 2 62728 29 30123 45 6789 1011 213 14 15161 18 192 0212 22 3242 526 27 28 29 30 14
313 23 334353 637383 940 414 2434 44 546 47 4849 505 1 52 53 54 5 55 1234 5678 91011 121 3 14151 61 7 18 19 2021 22 232 425 262 728 29 30
657 85 960 616 26 3646 56667 68 6970 7172 7 374 757 677 7 87 98 0811 234 567 891 011 12 1314 151 617 181 92 021 22 2324 252 62 7 282 30 4
8283 8485 868 788 899 09 1929 3 949 596 97 98 99 10 01 0110 210 310 4828 384 85 86 878 88 9091 92 9394 959 69 798 99 1001 0 1102 103 10 4
828 3848 586 878 88 9 9091 929 3949 59 69 79 9 91 00 1 011 02 103 10 48 28 38 48 586 8788 899 091 9 293 94 959 697 9 8991 0010 1102 103 1
828 3848 5868 788 8 99 091 929 394 959 697 98 99 100 1 0110 210 3104 12 34 6 7 89 101 1 121 314 1516 171 819 202 1 2223 2425 2 62728 29 3
45 6789 1011 213 14 15161 18 192 0212 22 3242 526 27 28 29 30 313 23 334353 637383 940 414 2434 44 546 47 4849 505 1 52 53 54 5 55 1234 5
657 85 960 616 26 3646 56667 68 6970 7172 7 374 757 677 7 87 98 0811 234 567 891 011 12 1314 151 617 181 92 021 22 2324 252 62 7 282 30 3
8283 8485 868 788 899 09 1929 3 949 596 97 98 99 10 01 0110 210 310 4828 384 85 86 878 88 9091 92 9394 959 69 798 99 1001 0 1102 103 10 4
828 3848 586 878 88 9 9091 929 3949 59 69 79 9 91 00 1 011 02 103 10 48 28 38 48 586 8788 899 091 9 293 94 959 697 9 8991 0010 1102 103 1
828 3848 5868 788 8 99 091 929 394 959 697 98 99 100 1 0110 210 3104 91011 121 3 14151 61 7 18 19 2021 22 232 425 262 728 29 30 91011 130
84 6992 73 51 70 3274 76 013 41 17 4442 69 2 009 126 89 993 88 47 0728 526 50 9122 19 16 6 983 97 3 53 5715 2482 6 756 943 4856 18 664 78
828 3848 5868 788 8 99 091 929 394 959 697 98 99 100 1 0110 210 3104 12 34 6 7 89 101 1 121 314 1516 171 819 202 1 2223 2425 2 62728 29 3
8283 8485 868 788 899 09 1929 3 949 596 97 98 99 10 01 0110 210 310 4828 384 85 86 878 88 9091 92 9394 959 69 798 99 1001 0 1102 103 10 4
828 3848 5868 788 8 99 091 929 394 959 697 98 99 100 1 0110 210 3104 91011 121 3 14151 61 7 18 19 2021 22 232 425 262 728 29 30 91011 130
12 34 6 7 89 101 1 121 314 1516 171 819 202 1 2223 2425 2 62728 29 30123 45 6789 1011 213 14 15161 18 192 0212 22 3242 526 27 28 29 30 14
313 23 334353 637383 940 414 2434 44 546 47 4849 505 1 52 53 54 5 55 1234 5678 91011 121 3 14151 61 7 18 19 2021 22 232 425 262 728 29 30
657 85 960 616 26 3646 56667 68 6970 7172 7 374 757 677 7 87 98 0811 234 567 891 011 12 1314 151 617 181 92 021 22 2324 252 62 7 282 30 4
45 6789 1011 213 14 15161 18 192 0212 22 3242 526 27 28 29 30 313 23 334353 637383 940 414 2434 44 546 47 4849 505 1 52 53 54 5 55 1234 5
8283 8485 868 788 899 09 1929 3 949 596 97 98 99 10 01 0110 210 310 4828 384 85 86 878 88 9091 92 9394 959 69 798 99 1001 0 1102 103 10 4
828 3848 586 878 88 9 9091 929 3949 59 69 79 9 91 00 1 011 02 103 10 48 28 38 48 586 8788 899 091 9 293 94 959 697 9 8991 0010 1102 103 1
657 85 960 616 26 3646 56667 68 6970 7172 7 374 757 677 7 87 98 0811 234 567 891 011 12 1314 151 617 181 92 021 22 2324 252 62 7 282 30 3
828 3848 586 878 88 9 9091 929 3949 59 69 79 9 91 00 1 011 02 103 10 48 28 38 48 586 8788 899 091 9 293 94 959 697 9 8991 0010 1102 103 1
84 6992 73 51 70 3274 76 013 41 17 4442 69 2 009 126 89 993 88 47 0728 526 50 9122 19 16 6 983 97 3 53 5715 2482 6 756 943 4856 18 664 78
657 85 960 616 26 3646 56667 68 6970 7172 7 374 757 677 7 87 98 0811 234 567 891 011 12 1314 151 617 181 92 021 22 2324 252 62 7 282 30 4
313 23 334353 637383 940 414 2434 44 546 47 4849 505 1 52 53 54 5 55 1234 5678 91011 121 3 14151 61 7 18 19 2021 22 232 425 262 728 29 30
84 6992 73 51 70 3274 76 013 41 17 4442 69 2 009 126 89 993 88 47 0728 526 50 9122 19 16 6 983 97 3 53 5715 2482 6 756 943 4856 18 664 78
8283 8485 868 788 899 09 1929 3 949 596 97 98 99 10 01 0110 210 310 4828 384 85 86 878 88 9091 92 9394 959 69 798 99 1001 0 1102 103 10 4
12 34 6 7 89 101 1 121 314 1516 171 819 202 1 2223 2425 2 62728 29 30123 45 6789 1011 213 14 15161 18 192 0212 22 3242 526 27 28 29 30 14
8283 8485 868 788 899 09 1929 3 949 596 97 98 99 10 01 0110 210 310 4828 384 85 86 878 88 9091 92 9394 959 69 798 99 1001 0 1102 103 10 4
828 3848 586 878 88 9 9091 929 3949 59 69 79 9 91 00 1 011 02 103 10 48 28 38 48 586 8788 899 091 9 293 94 959 697 9 8991 0010 1102 103 1
828 3848 586 878 88 9 9091 929 3949 59 69 79 9 91 00 1 011 02 103 10 48 28 38 48 586 8788 899 091 9 293 94 959 697 9 8991 0010 1102 103 1
657 85 960 616 26 3646 56667 68 6970 7172 7 374 757 677 7 87 98 0811 234 567 891 011 12 1314 151 617 181 92 021 22 2324 252 62 7 282 30 3
828 3848 5868 788 8 99 091 929 394 959 697 98 99 100 1 0110 210 3104 91011 121 3 14151 61 7 18 19 2021 22 232 425 262 728 29 30 91011 130
828 3848 5868 788 8 99 091 929 394 959 697 98 99 100 1 0110 210 3104 12 34 6 7 89 101 1 121 314 1516 171 819 202 1 2223 2425 2 62728 29 3
45 6789 1011 213 14 15161 18 192 0212 22 3242 526 27 28 29 30 313 23 334353 637383 940 414 2434 44 546 47 4849 505 1 52 53 54 5 55 1234 5
828 3848 586 878 88 9 9091 929 3949 59 69 79 9 91 00 1 011 02 103 10 48 28 38 48 586 8788 899 091 9 293 94 959 697 9 8991 0010 1102 103 1
828 3848 5868 788 8 99 091 929 394 959 697 98 99 100 1 0110 210 3104 91011 121 3 14151 61 7 18 19 2021 22 232 425 262 728 29 30 91011 130
8283 8485 868 788 899 09 1929 3 949 596 97 98 99 10 01 0110 210 310 4828 384 85 86 878 88 9091 92 9394 959 69 798 99 1001 0 1102 103 10 4
84 6992 73 51 70 3274 76 013 41 17 4442 69 2 009 126 89 993 88 47 0728 526 50 9122 19 16 6 983 97 3 53 5715 2482 6 756 943 4856 18 664 78
313 23 334353 637383 940 414 2434 44 546 47 4849 505 1 52 53 54 5 55 1234 5678 91011 121 3 14151 61 7 18 19 2021 22 232 425 262 728 29 30
84 6992 73 51 70 3274 76 013 41 17 4442 69 2 009 126 89 993 88 47 0728 526 50 9122 19 16 6 983 97 3 53 5715 2482 6 756 943 4856 18 664 78
45 6789 1011 213 14 15161 18 192 0212 22 3242 526 27 28 29 30 313 23 334353 637383 940 414 2434 44 546 47 4849 505 1 52 53 54 5 55 1234 5
657 85 960 616 26 3646 56667 68 6970 7172 7 374 757 677 7 87 98 0811 234 567 891 011 12 1314 151 617 181 92 021 22 2324 252 62 7 282 30 4
313 23 334353 637383 940 414 2434 44 546 47 4849 505 1 52 53 54 5 55 1234 5678 91011 121 3 14151 61 7 18 19 2021 22 232 425 262 728 29 30
8283 8485 868 788 899 09 1929 3 949 596 97 98 99 10 01 0110 210 310 4828 384 85 86 878 88 9091 92 9394 959 69 798 99 1001 0 1102 103 10 4
657 85 960 616 26 3646 56667 68 6970 7172 7 374 757 677 7 87 98 0811 234 567 891 011 12 1314 151 617 181 92 021 22 2324 252 62 7 282 30 3
8283 8485 868 788 899 09 1929 3 949 596 97 98 99 10 01 0110 210 310 4828 384 85 86 878 88 9091 92 9394 959 69 798 99 1001 0 1102 103 10 4
828 3848 586 878 88 9 9091 929 3949 59 69 79 9 91 00 1 011 02 103 10 48 28 38 48 586 8788 899 091 9 293 94 959 697 9 8991 0010 1102 103 1
657 85 960 616 26 3646 56667 68 6970 7172 7 374 757 677 7 87 98 0811 234 567 891 011 12 1314 151 617 181 92 021 22 2324 252 62 7 282 30 4
828 3848 5868 788 8 99 091 929 394 959 697 98 99 100 1 0110 210 3104 91011 121 3 14151 61 7 18 19 2021 22 232 425 262 728 29 30 91011 130
828 3848 5868 788 8 99 091 929 394 959 697 98 99 100 1 0110 210 3104 12 34 6 7 89 101 1 121 314 1516 171 819 202 1 2223 2425 2 62728 29 3
12 34 6 7 89 101 1 121 314 1516 171 819 202 1 2223 2425 2 62728 29 30123 45 6789 1011 213 14 15161 18 192 0212 22 3242 526 27 28 29 30 14
828 3848 586 878 88 9 9091 929 3949 59 69 79 9 91 00 1 011 02 103 10 48 28 38 48 586 8788 899 091 9 293 94 959 697 9 8991 0010 1102 103 1
828 3848 586 878 88 9 9091 929 3949 59 69 79 9 91 00 1 011 02 103 10 48 28 38 48 586 8788 899 091 9 293 94 959 697 9 8991 0010 1102 103 1
313 23 334353 637383 940 414 2434 44 546 47 4849 505 1 52 53 54 5 55 1234 5678 91011 121 3 14151 61 7 18 19 2021 22 232 425 262 728 29 30
657 85 960 616 26 3646 56667 68 6970 7172 7 374 757 677 7 87 98 0811 234 567 891 011 12 1314 151 617 181 92 021 22 2324 252 62 7 282 30 4
657 85 960 616 26 3646 56667 68 6970 7172 7 374 757 677 7 87 98 0811 234 567 891 011 12 1314 151 617 181 92 021 22 2324 252 62 7 282 30 3
45 6789 1011 213 14 15161 18 192 0212 22 3242 526 27 28 29 30 313 23 334353 637383 940 414 2434 44 546 47 4849 505 1 52 53 54 5 55 1234 5
828 3848 5868 788 8 99 091 929 394 959 697 98 99 100 1 0110 210 3104 91011 121 3 14151 61 7 18 19 2021 22 232 425 262 728 29 30 91011 130
657 85 960 616 26 3646 56667 68 6970 7172 7 374 757 677 7 87 98 0811 234 567 891 011 12 1314 151 617 181 92 021 22 2324 252 62 7 282 30 4
657 85 960 616 26 3646 56667 68 6970 7172 7 374 757 677 7 87 98 0811 234 567 891 011 12 1314 151 617 181 92 021 22 2324 252 62 7 282 30 3
657 85 960 616 26 3646 56667 68 6970 7172 7 374 757 677 7 87 98 0811 234 567 891 011 12 1314 151 617 181 92 021 22 2324 252 62 7 282 30 3
8283 8485 868 788 899 09 1929 3 949 596 97 98 99 10 01 0110 210 310 4828 384 85 86 878 88 9091 92 9394 959 69 798 99 1001 0 1102 103 10 4
12 34 6 7 89 101 1 121 314 1516 171 819 202 1 2223 2425 2 62728 29 30123 45 6789 1011 213 14 15161 18 192 0212 22 3242 526 27 28 29 30 14
657 85 960 616 26 3646 56667 68 6970 7172 7 374 757 677 7 87 98 0811 234 567 891 011 12 1314 151 617 181 92 021 22 2324 252 62 7 282 30 4
8283 8485 868 788 899 09 1929 3 949 596 97 98 99 10 01 0110 210 310 4828 384 85 86 878 88 9091 92 9394 959 69 798 99 1001 0 1102 103 10 4
828 3848 586 878 88 9 9091 929 3949 59 69 79 9 91 00 1 011 02 103 10 48 28 38 48 586 8788 899 091 9 293 94 959 697 9 8991 0010 1102 103 1
828 3848 5868 788 8 99 091 929 394 959 697 98 99 100 1 0110 210 3104 12 34 6 7 89 101 1 121 314 1516 171 819 202 1 2223 2425 2 62728 29 3
12 34 6 7 89 101 1 121 314 1516 171 819 202 1 2223 2425 2 62728 29 30123 45 6789 1011 213 14 15161 18 192 0212 22 3242 526 27 28 29 30 14
12 34 6 7 89 101 1 121 314 1516 171 819 202 1 2223 2425 2 62728 29 30123 45 6789 1011 213 14 15161 18 192 0212 22 3242 526 27 28 29 30 14
8283 8485 868 788 899 09 1929 3 949 596 97 98 99 10 01 0110 210 310 4828 384 85 86 878 88 9091 92 9394 959 69 798 99 1001 0 1102 103 10 4
12 34 6 7 89 101 1 121 314 1516 171 819 202 1 2223 2425 2 62728 29 30123 45 6789 1011 213 14 15161 18 192 0212 22 3242 526 27 28 29 30 14
828 3848 586 878 88 9 9091 929 3949 59 69 79 9 91 00 1 011 02 103 10 48 28 38 48 586 8788 899 091 9 293 94 959 697 9 8991 0010 1102 103 1
828 3848 5868 788 8 99 091 929 394 959 697 98 99 100 1 0110 210 3104 12 34 6 7 89 101 1 121 314 1516 171 819 202 1 2223 2425 2 62728 29 3
828 3848 5868 788 8 99 091 929 394 959 697 98 99 100 1 0110 210 3104 91011 121 3 14151 61 7 18 19 2021 22 232 425 262 728 29 30 91011 130
828 3848 586 878 88 9 9091 929 3949 59 69 79 9 91 00 1 011 02 103 10 48 28 38 48 586 8788 899 091 9 293 94 959 697 9 8991 0010 1102 103 1
45 6789 1011 213 14 15161 18 192 0212 22 3242 526 27 28 29 30 313 23 334353 637383 940 414 2434 44 546 47 4849 505 1 52 53 54 5 55 1234 5
657 85 960 616 26 3646 56667 68 6970 7172 7 374 757 677 7 87 98 0811 234 567 891 011 12 1314 151 617 181 92 021 22 2324 252 62 7 282 30 3
828 3848 5868 788 8 99 091 929 394 959 697 98 99 100 1 0110 210 3104 12 34 6 7 89 101 1 121 314 1516 171 819 202 1 2223 2425 2 62728 29 3
12 34 6 7 89 101 1 121 314 1516 171 819 202 1 2223 2425 2 62728 29 30123 45 6789 1011 213 14 15161 18 192 0212 22 3242 526 27 28 29 30 14
8283 8485 868 788 899 09 1929 3 949 596 97 98 99 10 01 0110 210 310 4828 384 85 86 878 88 9091 92 9394 959 69 798 99 1001 0 1102 103 10 4
313 23 334353 637383 940 414 2434 44 546 47 4849 505 1 52 53 54 5 55 1234 5678 91011 121 3 14151 61 7 18 19 2021 22 232 425 262 728 29 30
828 3848 586 878 88 9 9091 929 3949 59 69 79 9 91 00 1 011 02 103 10 48 28 38 48 586 8788 899 091 9 293 94 959 697 9 8991 0010 1102 103 1
828 3848 586 878 88 9 9091 929 3949 59 69 79 9 91 00 1 011 02 103 10 48 28 38 48 586 8788 899 091 9 293 94 959 697 9 8991 0010 1102 103 1
828 3848 5868 788 8 99 091 929 394 959 697 98 99 100 1 0110 210 3104 12 34 6 7 89 101 1 121 314 1516 171 819 202 1 2223 2425 2 62728 29 3
8283 8485 868 788 899 09 1929 3 949 596 97 98 99 10 01 0110 210 310 4828 384 85 86 878 88 9091 92 9394 959 69 798 99 1001 0 1102 103 10 4
828 3848 586 878 88 9 9091 929 3949 59 69 79 9 91 00 1 011 02 103 10 48 28 38 48 586 8788 899 091 9 293 94 959 697 9 8991 0010 1102 103 1
657 85 960 616 26 3646 56667 68 6970 7172 7 374 757 677 7 87 98 0811 234 567 891 011 12 1314 151 617 181 92 021 22 2324 252 62 7 282 30 4
313 23 334353 637383 940 414 2434 44 546 47 4849 505 1 52 53 54 5 55 1234 5678 91011 121 3 14151 61 7 18 19 2021 22 232 425 262 728 29 30
828 3848 5868 788 8 99 091 929 394 959 697 98 99 100 1 0110 210 3104 91011 121 3 14151 61 7 18 19 2021 22 232 425 262 728 29 30 91011 130
45 6789 1011 213 14 15161 18 192 0212 22 3242 526 27 28 29 30 313 23 334353 637383 940 414 2434 44 546 47 4849 505 1 52 53 54 5 55 1234 5
8283 8485 868 788 899 09 1929 3 949 596 97 98 99 10 01 0110 210 310 4828 384 85 86 878 88 9091 92 9394 959 69 798 99 1001 0 1102 103 10 4
828 3848 586 878 88 9 9091 929 3949 59 69 79 9 91 00 1 011 02 103 10 48 28 38 48 586 8788 899 091 9 293 94 959 697 9 8991 0010 1102 103 1
313 23 334353 637383 940 414 2434 44 546 47 4849 505 1 52 53 54 5 55 1234 5678 91011 121 3 14151 61 7 18 19 2021 22 232 425 262 728 29 30
8283 8485 868 788 899 09 1929 3 949 596 97 98 99 10 01 0110 210 310 4828 384 85 86 878 88 9091 92 9394 959 69 798 99 1001 0 1102 103 10 4
828 3848 5868 788 8 99 091 929 394 959 697 98 99 100 1 0110 210 3104 12 34 6 7 89 101 1 121 314 1516 171 819 202 1 2223 2425 2 62728 29 3
8283 8485 868 788 899 09 1929 3 949 596 97 98 99 10 01 0110 210 310 4828 384 85 86 878 88 9091 92 9394 959 69 798 99 1001 0 1102 103 10 4
45 6789 1011 213 14 15161 18 192 0212 22 3242 526 27 28 29 30 313 23 334353 637383 940 414 2434 44 546 47 4849 505 1 52 53 54 5 55 1234 5
828 3848 5868 788 8 99 091 929 394 959 697 98 99 100 1 0110 210 3104 91011 121 3 14151 61 7 18 19 2021 22 232 425 262 728 29 30 91011 130
8283 8485 868 788 899 09 1929 3 949 596 97 98 99 10 01 0110 210 310 4828 384 85 86 878 88 9091 92 9394 959 69 798 99 1001 0 1102 103 10 4
828 3848 586 878 88 9 9091 929 3949 59 69 79 9 91 00 1 011 02 103 10 48 28 38 48 586 8788 899 091 9 293 94 959 697 9 8991 0010 1102 103 1
84 6992 73 51 70 3274 76 013 41 17 4442 69 2 009 126 89 993 88 47 0728 526 50 9122 19 16 6 983 97 3 53 5715 2482 6 756 943 4856 18 664 78
45 6789 1011 213 14 15161 18 192 0212 22 3242 526 27 28 29 30 313 23 334353 637383 940 414 2434 44 546 47 4849 505 1 52 53 54 5 55 1234 5
657 85 960 616 26 3646 56667 68 6970 7172 7 374 757 677 7 87 98 0811 234 567 891 011 12 1314 151 617 181 92 021 22 2324 252 62 7 282 30 3